             1200490              1300287  315.067 0.018
             0600316              9100069 1407.979 0.081
             3900511              9100092 1961.055 9.724
             1300287              8801212 1310.213 3.756
             4201162              0400118 2316.939 26.446
             1200297              5300198 3193.958 15.113
             9100001              3700421 2286.416 1.621
             4801193              1300287  902.602 0.464
             1300287              4800100  782.158 0.163
             9100001              3600348 2742.915 14.872
             2900190              4800445  757.074 0.175
             3900511              8801197  630.146 0.699
             1200297              0400017 2347.660 2.801
             4800471              8801752 1351.460 1.145
             4800332              9100463 1667.846 0.590
             0600212              9100327 2120.015 0.216
             9100092              4100109 2517.613 0.538
             9100015              8800126 1919.784 0.182
             9100007              2900275 1406.433 0.045
             1800091              9100463 2761.878 16.548
             1200297              0400118 2228.961 2.017
             1300287              1800091  510.003 0.115
             9100327              8801159 2375.417 4.478
             3200014              1200469 2575.318 7.004
             3900511              4801193 1188.473 1.834
             3700421              4801193 1147.349 0.583
             1200469              9100351 1561.646 0.778
             4800471              1200297 1348.823 1.091
             0800292              8800845 1767.622 2.832
             9100001              0600580  118.559 0.001
